0 0 23 23 22 22 26 42 42 40 40 20 18 19 31 31 14 14 9 8 20 20 14 23 23 2 2 33 33 17 17 14 14 14 33 33 24 35 35 14 14 18 18 15 15 19 20 19 14 14 20 20 30 31 16 16 47 14 14 16 16 15 15 27 27 28 28 44 44 43 43 20 20 15 17 16 16 13 13 36 36 38 26 21 21 22 22 16 4 14 14 25 15 29 29 29 29 28 28 28 8
0 0 23 23 22 23 26 42 42 40 40 20 18 19 31 31 14 14 9 8 20 20 14 23 23 2 1 33 33 17 17 14 14 14 33 33 24 35 35 14 14 18 18 15 15 19 20 19 14 14 20 20 30 31 16 16 47 14 14 16 16 15 15 27 28 28 28 44 44 43 43 20 20 15 17 16 16 13 13 36 36 38 26 21 21 22 22 17 4 14 14 25 15 29 29 29 29 28 28 28 8
23 23 0 0 0 0 3 26 26 24 24 5 11 11 16 16 27 27 16 22 26 26 10 8 8 25 24 10 10 6 6 17 24 24 10 10 4 15 15 12 12 21 21 14 14 22 23 23 11 11 11 11 8 8 14 8 27 26 26 27 27 27 27 15 15 6 6 27 27 27 27 19 19 16 16 13 13 27 27 14 14 16 3 13 13 18 18 8 23 18 18 4 12 8 8 8 8 7 7 8 14
23 23 0 0 0 0 3 26 26 24 24 5 11 11 16 16 27 27 16 21 26 26 10 8 8 24 24 10 10 6 6 17 24 24 10 10 4 15 15 12 12 21 21 14 14 22 23 23 11 11 11 11 8 8 14 8 27 26 26 27 27 27 26 15 15 6 6 27 27 27 27 19 19 16 16 12 12 27 27 14 14 16 3 13 13 18 18 8 23 18 18 4 11 8 8 8 8 6 6 8 14
22 22 0 0 0 0 3 26 26 24 24 5 11 11 16 16 27 27 16 21 26 26 10 8 8 24 24 10 10 6 6 17 24 24 10 10 4 15 15 12 12 21 21 14 14 22 23 23 11 11 11 11 8 8 14 8 27 26 26 27 27 27 26 15 15 6 6 27 27 27 27 19 19 16 16 13 12 27 27 14 14 16 4 13 13 18 18 8 23 18 18 4 12 8 8 8 8 7 7 8 14
22 23 0 0 0 0 3 26 26 24 24 5 11 11 16 16 27 27 16 21 26 26 10 8 8 24 24 10 10 6 6 17 24 24 10 10 4 15 15 12 12 21 21 14 14 22 23 23 11 11 11 11 8 8 14 8 27 26 26 27 27 27 26 15 15 6 6 27 27 27 27 19 19 16 16 13 13 27 27 14 14 16 3 13 13 18 18 8 23 18 18 4 12 8 8 8 8 7 7 8 14
26 26 3 3 3 3 0 26 26 24 24 8 14 14 17 17 30 30 19 25 30 29 13 10 10 28 28 8 8 9 9 19 26 26 7 7 3 15 15 14 14 24 24 17 17 23 24 24 13 13 14 14 6 6 18 10 26 30 30 30 30 30 30 17 17 5 5 27 27 26 26 22 22 19 19 16 16 31 31 12 12 14 2 16 15 21 21 10 27 19 19 5 15 8 8 8 8 6 6 8 17
42 42 26 26 26 26 26 0 0 1 2 23 23 23 10 10 36 36 33 35 29 29 29 19 20 43 43 22 22 32 32 42 49 49 25 25 29 11 11 37 37 26 26 27 26 48 49 49 37 37 21 21 21 21 25 34 9 35 35 34 34 35 35 14 14 20 20 2 2 2 2 23 23 27 25 25 25 37 37 18 18 16 23 20 20 20 20 34 40 43 43 21 26 17 17 17 17 19 19 18 33
42 42 26 26 26 26 26 0 0 1 1 23 23 23 10 10 36 36 33 35 29 29 29 19 19 43 43 22 22 32 32 42 49 49 25 25 29 11 11 37 37 26 26 27 26 48 49 49 37 37 21 21 21 21 25 34 9 35 35 34 34 35 35 14 14 20 20 2 2 2 2 23 23 27 25 25 25 37 37 17 18 16 23 20 20 20 20 33 40 43 43 21 26 17 17 17 17 19 19 18 33
40 40 24 24 24 24 24 1 1 0 0 21 21 21 8 8 34 34 31 33 28 28 27 18 18 41 41 20 20 30 30 40 47 47 23 23 27 10 10 35 35 24 24 25 24 46 47 47 35 35 19 19 19 19 23 32 10 34 34 33 33 33 33 12 12 18 18 3 3 3 3 22 22 25 23 23 23 35 35 16 16 15 22 18 18 19 19 32 38 41 41 19 24 15 15 16 16 17 17 16 31
40 40 24 24 24 24 24 2 1 0 0 21 21 21 8 8 34 34 31 33 28 28 27 17 17 41 41 20 20 30 30 40 47 47 23 23 27 10 10 35 35 24 24 25 24 46 47 47 35 35 19 19 19 19 23 32 10 34 34 32 32 33 33 12 12 18 18 4 3 3 3 22 22 25 23 23 23 35 35 16 16 15 21 18 18 19 19 32 38 41 41 19 24 15 15 16 16 17 17 16 31
20 20 5 5 5 5 8 23 23 21 21 0 6 6 13 13 22 22 13 18 21 21 6 3 3 22 22 13 13 8 8 19 25 25 14 14 9 14 14 13 13 15 15 9 9 24 26 25 13 13 5 5 10 10 9 10 27 22 22 22 22 22 22 11 11 7 7 25 25 25 24 13 13 11 11 8 7 23 23 16 15 17 7 7 7 13 13 10 20 19 19 4 7 8 8 8 8 7 7 7 11
18 18 11 11 11 11 14 23 23 21 21 6 0 0 12 12 17 17 10 13 15 15 6 5 5 20 20 19 19 13 13 21 27 27 20 20 15 17 17 16 16 9 9 4 4 27 29 28 16 16 1 1 16 16 3 14 28 16 16 16 16 16 16 9 9 13 13 25 25 24 24 7 7 5 5 2 2 17 17 20 20 21 13 2 2 7 7 14 17 22 22 10 3 12 12 12 12 12 12 11 10
19 19 11 11 11 11 14 23 23 21 21 6 0 0 12 12 17 17 10 13 15 15 6 5 5 20 20 19 19 13 13 21 27 27 20 20 15 16 16 16 16 9 9 4 4 28 29 29 16 16 1 1 16 16 3 14 28 16 16 16 16 16 16 8 8 13 13 25 25 24 24 7 7 5 5 2 2 17 17 20 20 21 13 2 2 7 7 14 17 22 22 10 3 12 12 12 12 12 12 11 10
31 31 16 16 16 16 17 10 10 8 8 13 12 12 0 0 27 27 22 26 22 22 18 9 9 33 33 15 15 21 21 32 39 38 18 18 20 6 6 26 26 18 18 16 16 37 39 39 26 26 10 10 13 13 15 23 16 27 27 26 26 26 26 4 4 11 11 12 12 12 12 15 15 17 15 15 15 28 28 13 13 13 14 10 10 12 12 23 30 33 33 11 15 8 8 9 9 10 10 8 23
31 31 16 16 16 16 17 10 10 8 8 13 12 12 0 0 27 27 22 26 22 22 18 9 9 33 33 15 15 21 21 32 39 39 18 18 20 6 6 26 26 18 18 16 16 37 39 39 26 26 10 10 13 13 15 23 16 27 27 26 26 26 26 4 4 11 11 12 12 12 12 15 15 17 15 15 15 28 28 13 13 13 14 10 10 12 12 23 30 33 33 11 15 8 8 9 9 10 10 8 23
14 14 27 27 27 27 30 36 36 34 34 22 17 17 27 27 0 0 12 6 8 7 17 23 23 13 13 36 36 24 24 27 28 28 37 37 30 33 33 24 24 9 9 13 13 33 33 33 25 25 18 18 33 33 13 25 44 0 0 2 2 1 1 23 23 30 30 38 38 38 38 12 12 11 12 14 15 1 0 37 37 39 30 18 18 15 15 25 9 27 27 27 15 29 29 30 30 29 29 29 14
14 14 27 27 27 27 30 36 36 34 34 22 17 17 27 27 0 0 12 6 8 7 17 23 23 13 13 36 36 24 24 27 28 28 37 37 30 33 33 24 24 9 9 13 13 33 33 33 25 25 18 19 33 33 13 25 44 0 0 2 2 1 1 23 23 30 30 38 38 38 38 12 12 11 12 15 15 1 0 37 37 39 30 18 18 15 15 25 9 27 27 27 15 29 29 30 30 29 29 29 15
9 9 16 16 16 16 19 33 33 31 31 13 10 10 22 22 12 12 0 5 15 15 6 15 14 10 10 26 26 12 12 16 19 19 26 26 19 26 26 12 12 11 11 6 6 22 23 23 13 13 11 11 23 23 7 13 38 11 11 12 12 12 12 18 18 20 20 35 35 34 34 12 12 6 8 7 7 12 12 29 28 30 19 12 12 14 14 13 7 16 16 17 6 20 21 21 21 20 20 20 3
8 8 22 21 21 21 25 35 35 33 33 18 13 13 26 26 6 6 5 0 12 12 11 19 19 8 8 31 31 18 18 20 22 22 32 32 24 30 30 17 17 10 10 9 9 26 27 27 18 18 15 15 28 28 10 18 42 6 6 8 8 7 7 21 21 25 25 37 37 37 37 12 12 8 10 11 11 6 6 33 33 35 25 15 15 15 15 18 4 20 20 23 11 25 25 26 26 25 25 25 8
20 20 26 26 26 26 30 29 29 28 28 21 15 15 22 22 8 8 15 12 0 0 18 20 20 20 20 34 34 26 26 31 34 34 35 35 30 29 29 27 27 5 5 12 12 37 38 38 28 28 16 16 31 31 12 27 38 7 7 5 5 6 6 18 18 28 27 32 32 32 32 8 8 10 10 13 13 9 8 34 34 35 28 14 14 10 10 27 16 32 32 25 15 26 26 27 27 27 26 26 18
20 20 26 26 26 26 29 29 29 28 28 21 15 15 22 22 7 7 15 12 0 0 18 20 20 20 20 34 34 26 26 31 34 34 35 35 30 29 29 27 27 5 5 12 12 37 38 38 28 27 16 16 30 31 11 27 38 7 7 5 5 6 6 18 18 27 27 32 32 32 32 8 8 10 10 13 13 8 8 34 34 35 28 14 14 10 10 27 16 31 31 25 14 26 26 27 27 27 26 26 18
14 14 10 10 10 10 13 29 29 27 27 6 6 6 18 18 17 17 6 11 18 18 0 9 9 15 15 20 20 7 7 15 20 20 20 20 13 21 21 10 10 13 13 5 5 21 22 22 10 10 8 8 17 17 7 8 33 16 16 17 17 17 17 15 15 14 14 30 31 30 30 12 12 7 8 5 5 17 17 22 22 24 13 9 9 13 13 8 13 15 15 11 4 15 15 15 15 14 14 14 5
23 23 8 8 8 8 10 19 19 18 17 3 5 5 9 9 23 23 15 19 20 20 9 0 0 25 25 13 13 12 12 23 29 29 14 14 12 11 11 17 17 14 14 10 9 28 29 29 17 17 4 4 10 10 9 14 24 22 22 22 22 22 22 7 7 7 7 21 21 21 21 12 12 11 10 8 8 23 23 14 14 16 8 5 5 11 11 14 22 23 23 5 8 6 6 7 7 6 6 6 14
23 23 8 8 8 8 10 20 19 18 17 3 5 5 9 9 23 23 14 19 20 20 9 0 0 25 25 13 13 12 12 22 29 29 14 14 12 11 11 17 17 14 14 10 9 28 29 29 17 17 4 4 10 10 9 14 24 22 22 22 22 22 22 7 7 7 7 21 21 21 21 12 12 11 10 8 8 23 23 14 14 16 8 5 5 11 11 14 22 23 23 5 8 6 6 7 7 6 6 6 14
2 2 25 24 24 24 28 43 43 41 41 22 20 20 33 33 13 13 10 8 20 20 15 25 25 0 0 35 35 19 19 16 15 15 35 35 26 36 36 16 16 19 19 16 16 21 21 21 16 16 22 22 32 32 17 18 48 13 13 15 15 14 14 28 29 30 30 45 45 45 45 20 20 16 18 17 17 12 13 38 38 40 28 22 22 23 23 19 3 16 16 27 17 30 30 31 31 30 29 30 10
2 1 24 24 24 24 28 43 43 41 41 22 20 20 33 33 13 13 10 8 20 20 15 25 25 0 0 35 35 19 19 16 15 15 35 35 26 36 36 16 16 19 19 16 16 21 21 21 16 16 22 22 32 32 17 18 49 13 13 15 16 15 14 29 29 30 30 45 45 45 45 21 21 16 18 17 17 13 13 38 38 40 28 22 22 23 23 18 4 16 16 27 17 30 30 31 31 30 29 30 10
33 33 10 10 10 10 8 22 22 20 20 13 19 19 15 15 36 36 26 31 34 34 20 13 13 35 35 0 0 17 17 27 34 34 3 3 11 10 10 22 22 28 28 23 22 31 32 32 22 22 17 17 3 3 23 19 19 35 35 35 35 35 35 17 17 6 6 22 22 21 21 25 25 24 24 21 21 36 36 4 4 7 7 19 19 24 24 18 34 27 28 8 20 7 7 7 7 6 7 7 25
33 33 10 10 10 10 8 22 22 20 20 13 19 19 15 15 36 36 26 31 34 34 20 13 13 35 35 0 0 17 17 27 34 34 3 3 10 10 10 22 22 28 28 23 22 30 32 32 21 22 17 17 3 3 22 18 20 35 35 35 35 35 35 17 17 6 6 22 22 22 21 25 25 24 24 21 21 36 36 5 4 7 6 19 19 24 24 18 34 27 27 8 20 7 7 7 7 6 7 7 25
17 17 6 6 6 6 9 32 32 30 30 8 13 13 21 21 24 24 12 18 26 26 7 12 12 19 19 17 17 0 0 10 18 18 16 16 7 22 22 5 5 20 20 13 13 16 17 17 5 5 13 13 14 14 14 2 34 24 24 25 25 24 24 19 20 13 13 33 33 33 33 20 20 15 16 13 13 24 24 21 21 23 10 15 15 20 20 1 19 11 11 11 11 15 15 15 15 13 13 14 10
17 17 6 6 6 6 9 32 32 30 30 8 13 13 21 21 24 24 12 18 26 26 7 12 12 19 19 17 17 0 0 10 18 18 16 16 7 22 22 5 5 21 21 13 13 16 17 17 5 5 13 13 14 15 14 1 34 24 24 25 25 24 24 19 20 13 13 33 33 33 33 20 20 15 16 13 13 24 24 21 21 23 10 15 15 20 20 1 19 11 11 11 11 15 15 15 15 13 13 15 10
14 14 17 17 17 17 19 42 42 40 40 19 21 21 32 32 27 27 16 20 31 31 15 23 22 16 16 27 27 10 10 0 7 7 25 25 16 32 32 5 5 27 27 20 20 6 7 7 5 5 22 22 25 25 21 8 45 26 26 28 28 27 27 29 29 24 24 44 44 43 43 27 27 21 23 20 20 26 26 31 31 33 21 24 24 28 28 9 18 0 0 21 19 26 26 26 26 24 24 25 13
14 14 24 24 24 24 26 49 49 47 47 25 27 27 39 39 28 28 19 22 34 34 20 29 29 15 15 34 34 18 18 7 0 0 32 32 23 40 40 12 12 31 31 25 25 7 6 6 12 12 29 28 32 32 26 16 52 28 28 30 30 29 29 36 36 31 31 51 51 50 50 31 31 26 28 26 26 28 28 39 39 41 28 30 30 33 33 16 18 6 6 29 24 33 33 33 33 31 31 32 17
14 14 24 24 24 24 26 49 49 47 47 25 27 27 38 39 28 28 19 22 34 34 20 29 29 15 15 34 34 18 18 7 0 0 32 32 23 40 40 12 12 31 31 25 25 7 6 6 12 12 28 28 32 32 26 16 52 28 28 30 30 29 29 36 36 31 31 51 51 50 50 31 31 26 28 25 26 28 28 39 39 41 28 30 30 33 33 16 18 6 6 29 24 33 33 33 33 31 31 32 17
33 33 10 10 10 10 7 25 25 23 23 14 20 20 18 18 37 37 26 32 35 35 20 14 14 35 35 3 3 16 16 25 32 32 0 0 9 13 13 20 20 29 29 23 23 28 29 29 20 20 19 19 4 4 23 17 23 36 36 36 36 36 36 20 20 7 7 25 25 25 25 27 27 25 25 22 22 37 37 8 7 10 6 20 20 25 26 17 33 26 26 9 21 10 10 9 9 8 8 10 24
33 33 10 10 10 10 7 25 25 23 23 14 20 20 18 18 37 37 26 32 35 35 20 14 14 35 35 3 3 16 16 25 32 32 0 0 9 13 13 20 20 29 29 23 23 28 29 29 20 20 19 19 4 4 23 17 23 36 36 36 36 36 36 20 20 7 7 25 25 25 25 27 27 25 25 22 22 37 37 8 7 10 6 20 20 25 26 17 33 25 26 9 21 10 10 9 9 8 8 10 24
24 24 4 4 4 4 3 29 29 27 27 9 15 15 20 20 30 30 19 24 30 30 13 12 12 26 26 11 10 7 7 16 23 23 9 9 0 18 18 11 11 25 25 18 17 20 21 21 11 11 15 15 9 9 18 8 30 29 29 30 30 30 30 19 19 9 9 30 30 30 30 23 23 20 20 16 16 30 30 15 15 17 5 17 17 22 23 7 25 16 16 8 15 11 11 11 11 9 9 11 16
35 35 15 15 15 15 15 11 11 10 10 14 17 16 6 6 33 33 26 30 29 29 21 11 11 36 36 10 10 22 22 32 40 40 13 13 18 0 0 27 27 24 24 21 21 37 39 39 27 27 15 15 9 9 20 24 12 32 32 32 32 32 32 10 10 9 9 12 12 11 11 21 21 22 21 19 19 34 34 7 6 6 12 15 15 18 18 23 34 33 33 10 19 6 6 6 6 8 8 7 26
35 35 15 15 15 15 15 11 11 10 10 14 17 16 6 6 33 33 26 30 29 29 21 11 11 36 36 10 10 22 22 32 40 40 13 13 18 0 0 27 27 24 24 21 21 37 39 39 27 27 15 15 9 9 20 24 12 32 32 32 32 32 32 10 10 9 9 12 12 11 11 21 21 22 21 19 19 34 34 7 6 6 12 15 15 18 18 23 34 33 33 10 19 6 6 6 6 8 8 7 26
14 14 12 12 12 12 14 37 37 35 35 13 16 16 26 26 24 24 12 17 27 27 10 17 17 16 16 22 22 5 5 5 12 12 20 20 11 27 27 0 0 22 22 15 15 11 12 12 0 0 17 17 20 20 16 3 39 23 23 25 25 24 24 24 24 18 18 38 38 38 38 22 22 17 18 15 15 24 24 26 26 28 16 19 19 23 23 3 16 6 6 16 14 20 20 20 20 19 18 20 9
14 14 12 12 12 12 14 37 37 35 35 13 16 16 26 26 24 24 12 17 27 27 10 17 17 16 16 22 22 5 5 5 12 12 20 20 11 27 27 0 0 22 22 15 15 11 12 12 0 0 17 17 20 20 17 3 39 24 24 25 25 24 24 24 24 18 18 38 38 38 38 22 22 17 18 15 15 24 24 26 26 28 15 19 19 23 23 3 17 6 6 16 14 20 20 20 20 19 18 20 9
18 18 21 21 21 21 24 26 26 24 24 15 9 9 18 18 9 9 11 10 5 5 13 14 14 19 19 28 28 20 21 27 31 31 29 29 25 24 24 22 22 0 0 7 7 33 34 34 23 23 10 10 25 25 6 22 34 9 9 8 8 8 8 13 13 22 22 28 28 28 28 2 2 5 4 8 8 10 10 29 28 30 22 9 9 5 5 22 15 27 27 19 9 20 20 21 21 21 21 20 13
18 18 21 21 21 21 24 26 26 24 24 15 9 9 18 18 9 9 11 10 5 5 13 14 14 19 19 28 28 20 21 27 31 31 29 29 25 24 24 22 22 0 0 7 7 33 34 34 23 23 10 10 25 25 6 22 34 9 9 8 8 8 8 13 13 22 22 28 28 28 28 2 2 5 4 8 8 10 10 29 28 30 22 9 9 5 5 22 15 27 27 19 9 20 20 21 21 21 21 20 13
15 15 14 14 14 14 17 27 27 25 25 9 4 4 16 16 13 13 6 9 12 12 5 10 10 16 16 23 23 13 13 20 25 25 23 23 18 21 21 15 15 7 7 0 0 26 27 27 16 16 6 6 19 20 1 14 33 12 12 13 13 12 12 12 12 17 17 29 29 28 28 6 6 2 3 1 1 13 13 24 24 26 16 6 6 8 8 14 13 21 21 14 2 16 16 17 17 16 16 16 7
15 15 14 14 14 14 17 26 26 24 24 9 4 4 16 16 13 13 6 9 12 12 5 9 9 16 16 22 22 13 13 20 25 25 23 23 17 21 21 15 15 7 7 0 0 26 27 27 16 16 6 6 19 19 1 14 32 12 12 13 13 13 12 12 12 16 16 28 28 28 28 6 6 2 3 1 1 13 13 24 24 25 16 6 6 8 8 14 13 21 21 13 2 16 16 16 16 16 15 15 7
19 19 22 22 22 22 23 48 48 46 46 24 27 28 37 37 33 33 22 26 37 37 21 28 28 21 21 31 30 16 16 6 7 7 28 28 20 37 37 11 11 33 33 26 26 0 1 1 11 11 29 28 29 29 28 14 50 32 32 34 34 33 33 35 35 28 28 49 49 49 49 33 33 28 29 27 27 32 32 35 35 38 25 30 30 34 34 14 23 5 5 27 25 31 31 31 31 29 29 30 19
20 20 23 23 23 23 24 49 49 47 47 26 29 29 39 39 33 33 23 27 38 38 22 29 29 21 21 32 32 17 17 7 6 6 29 29 21 39 39 12 12 34 34 27 27 1 0 0 12 12 30 30 30 30 29 15 51 33 33 35 35 34 34 36 37 29 29 50 51 50 50 34 34 29 30 28 28 33 33 37 36 39 26 31 31 36 36 15 24 6 6 28 26 32 32 32 32 30 30 32 20
19 19 23 23 23 23 24 49 49 47 47 25 28 29 39 39 33 33 23 27 38 38 22 29 29 21 21 32 32 17 17 7 6 6 29 29 21 39 39 12 12 34 34 27 27 1 0 0 12 12 30 30 30 30 29 15 51 33 33 35 35 34 34 36 37 29 29 50 50 50 50 34 34 29 30 28 28 33 33 36 36 39 26 31 31 35 35 15 24 6 6 28 26 32 32 32 32 30 30 31 20
14 14 11 11 11 11 13 37 37 35 35 13 16 16 26 26 25 25 13 18 28 28 10 17 17 16 16 22 21 5 5 5 12 12 20 20 11 27 27 0 0 23 23 16 16 11 12 12 0 0 17 17 19 19 17 3 39 24 24 26 26 25 25 24 24 18 18 38 38 38 38 22 22 18 19 16 16 24 25 26 26 28 15 19 19 23 23 3 17 6 6 16 14 20 20 20 20 18 18 20 10
14 14 11 11 11 11 13 37 37 35 35 13 16 16 26 26 25 25 13 18 28 27 10 17 17 16 16 22 22 5 5 5 12 12 20 20 11 27 27 0 0 23 23 16 16 11 12 12 0 0 17 17 19 20 17 3 39 24 24 26 26 25 25 24 24 18 18 38 38 38 38 22 22 17 19 16 16 24 24 26 26 28 15 19 19 23 23 3 17 6 6 16 14 20 20 20 20 18 18 20 10
20 20 11 11 11 11 14 21 21 19 19 5 1 1 10 10 18 18 11 15 16 16 8 4 4 22 22 17 17 13 13 22 29 28 19 19 15 15 15 17 17 10 10 6 6 29 30 30 17 17 0 0 14 14 5 15 26 18 18 18 18 18 18 7 7 11 11 23 23 23 22 8 8 7 6 4 4 19 19 18 18 20 12 2 1 7 7 15 19 23 23 9 5 10 10 11 11 10 10 10 12
20 20 11 11 11 11 14 21 21 19 19 5 1 1 10 10 18 19 11 15 16 16 8 4 4 22 22 17 17 13 13 22 28 28 19 19 15 15 15 17 17 10 10 6 6 28 30 30 17 17 0 0 14 14 5 15 26 18 18 18 18 18 18 7 7 11 11 23 23 23 23 8 8 7 6 4 4 19 19 18 18 20 12 2 1 7 7 15 19 23 23 9 4 10 10 11 11 10 10 10 12
30 30 8 8 8 8 6 21 21 19 19 10 16 16 13 13 33 33 23 28 31 30 17 10 10 32 32 3 3 14 14 25 32 32 4 4 9 9 9 20 20 25 25 19 19 29 30 30 19 19 14 14 0 0 19 16 20 32 32 32 32 32 32 15 15 3 3 21 22 21 21 22 22 21 21 18 18 33 33 6 6 8 4 16 16 21 21 16 31 25 26 5 17 5 5 4 4 3 4 5 22
31 31 8 8 8 8 6 21 21 19 19 10 16 16 13 13 33 33 23 28 31 31 17 10 10 32 32 3 3 14 15 25 32 32 4 4 9 9 9 20 20 25 25 20 19 29 30 30 19 20 14 14 0 0 19 16 20 32 32 32 32 32 32 15 15 3 3 21 22 21 21 22 22 21 21 18 18 33 33 6 6 8 4 16 16 21 21 16 31 26 26 5 17 5 5 4 4 3 4 5 22
16 16 14 14 14 14 18 25 25 23 23 9 3 3 15 15 13 13 7 10 12 11 7 9 9 17 17 23 22 14 14 21 26 26 23 23 18 20 20 16 17 6 6 1 1 28 29 29 17 17 5 5 19 19 0 15 32 12 12 12 12 12 12 11 11 16 16 27 27 27 27 5 5 1 1 1 1 14 13 24 24 25 17 5 5 6 6 15 14 22 22 14 3 15 16 16 16 16 15 15 9
16 16 8 8 8 8 10 34 34 32 32 10 14 14 23 23 25 25 13 18 27 27 8 14 14 18 18 19 18 2 1 8 16 16 17 17 8 24 24 3 3 22 22 14 14 14 15 15 3 3 15 15 16 16 15 0 36 24 24 25 25 25 25 21 21 15 15 35 35 35 35 21 21 16 17 14 14 25 25 23 22 25 12 17 17 21 22 0 18 9 9 13 12 17 17 17 17 15 15 16 10
47 47 27 27 27 27 26 9 9 10 10 27 28 28 16 16 44 44 38 42 38 38 33 24 24 48 49 19 20 34 34 45 52 52 23 23 30 12 12 39 39 34 34 33 32 50 51 51 39 39 26 26 20 20 32 36 0 43 43 42 42 42 42 20 20 21 21 7 8 7 7 31 31 33 32 31 31 45 44 15 15 12 24 26 26 28 28 36 46 46 46 23 31 19 19 19 19 20 20 19 38
14 14 26 26 26 26 30 35 35 34 34 22 16 16 27 27 0 0 11 6 7 7 16 22 22 13 13 35 35 24 24 26 28 28 36 36 29 32 32 23 24 9 9 12 12 32 33 33 24 24 18 18 32 32 12 24 43 0 0 2 2 1 1 22 22 29 29 38 38 38 37 12 12 10 11 14 14 1 1 37 36 38 29 17 17 15 14 24 9 27 27 26 14 28 28 29 29 28 28 28 14
14 14 26 26 26 26 30 35 35 34 34 22 16 16 27 27 0 0 11 6 7 7 16 22 22 13 13 35 35 24 24 26 28 28 36 36 29 32 32 23 24 9 9 12 12 32 33 33 24 24 18 18 32 32 12 24 43 0 0 2 2 1 1 22 22 29 29 38 38 37 37 12 12 10 11 14 14 1 1 37 36 38 29 17 17 15 14 24 9 27 27 26 14 28 28 29 29 28 28 28 14
16 16 27 27 27 27 30 34 34 33 32 22 16 16 26 26 2 2 12 8 5 5 17 22 22 15 15 35 35 25 25 28 30 30 36 36 30 32 32 25 25 8 8 13 13 34 35 35 26 26 18 18 32 32 12 25 42 2 2 0 0 0 1 21 22 29 29 36 36 36 36 11 11 11 11 14 14 3 3 36 36 38 29 17 17 14 13 26 11 29 29 27 15 28 28 29 29 29 28 28 15
16 16 27 27 27 27 30 34 34 33 32 22 16 16 26 26 2 2 12 8 5 5 17 22 22 15 16 35 35 25 25 28 30 30 36 36 30 32 32 25 25 8 8 13 13 34 35 35 26 26 18 18 32 32 12 25 42 2 2 0 0 0 1 21 21 29 29 36 36 36 36 11 11 11 11 14 14 3 3 36 36 38 29 17 17 14 13 26 12 29 29 27 15 28 28 29 29 29 28 28 15
15 15 27 27 27 27 30 35 35 33 33 22 16 16 26 26 1 1 12 7 6 6 17 22 22 14 15 35 35 24 24 27 29 29 36 36 30 32 32 24 24 8 8 12 13 33 34 34 25 25 18 18 32 32 12 25 42 1 1 0 0 0 0 22 22 29 29 37 37 37 37 11 11 10 11 14 14 2 2 37 36 38 29 17 17 14 14 25 11 28 28 26 15 28 28 29 29 28 28 28 15
15 15 27 26 26 26 30 35 35 33 33 22 16 16 26 26 1 1 12 7 6 6 17 22 22 14 14 35 35 24 24 27 29 29 36 36 30 32 32 24 24 8 8 12 12 33 34 34 25 25 18 18 32 32 12 25 42 1 1 1 1 0 0 22 22 29 29 37 37 37 37 11 11 10 11 14 14 2 2 36 36 38 29 17 17 14 14 25 10 28 28 26 14 28 28 29 29 28 28 28 15
27 27 15 15 15 15 17 14 14 12 12 11 9 8 4 4 23 23 18 21 18 18 15 7 7 28 29 17 17 19 19 29 36 36 20 20 19 10 10 24 24 13 13 12 12 35 36 36 24 24 7 7 15 15 11 21 20 22 22 21 21 22 22 0 0 12 12 16 16 16 16 10 10 13 11 11 11 24 24 16 16 17 14 6 6 7 8 21 25 30 30 11 12 9 9 10 10 11 11 9 19
27 28 15 15 15 15 17 14 14 12 12 11 9 8 4 4 23 23 18 21 18 18 15 7 7 29 29 17 17 20 20 29 36 36 20 20 19 10 10 24 24 13 13 12 12 35 37 37 24 24 7 7 15 15 11 21 20 22 22 22 21 22 22 0 0 12 12 16 16 16 15 10 10 13 11 11 11 24 24 16 16 17 14 6 6 8 8 21 25 30 30 11 12 9 10 10 10 11 11 10 19
28 28 6 6 6 6 5 20 20 18 18 7 13 13 11 11 30 30 20 25 28 27 14 7 7 30 30 6 6 13 13 24 31 31 7 7 9 9 9 18 18 22 22 17 16 28 29 29 18 18 11 11 3 3 16 15 21 29 29 29 29 29 29 12 12 0 0 21 21 21 21 19 19 18 18 15 15 30 30 8 8 10 3 13 13 18 18 14 28 24 24 2 14 3 3 2 2 1 1 2 19
28 28 6 6 6 6 5 20 20 18 18 7 13 13 11 11 30 30 20 25 27 27 14 7 7 30 30 6 6 13 13 24 31 31 7 7 9 9 9 18 18 22 22 17 16 28 29 29 18 18 11 11 3 3 16 15 21 29 29 29 29 29 29 12 12 0 0 21 21 21 21 19 19 18 18 15 15 30 30 8 8 10 3 13 13 18 18 14 28 24 24 2 14 3 3 2 2 1 1 2 19
44 44 27 27 27 27 27 2 2 3 4 25 25 25 12 12 38 38 35 37 32 32 30 21 21 45 45 22 22 33 33 44 51 51 25 25 30 12 12 38 38 28 28 29 28 49 50 50 38 38 23 23 21 21 27 35 7 38 38 36 36 37 37 16 16 21 21 0 0 0 0 26 26 29 27 27 27 39 39 17 17 16 24 22 22 23 23 35 42 45 45 22 28 18 18 18 18 20 20 19 35
44 44 27 27 27 27 27 2 2 3 3 25 25 25 12 12 38 38 35 37 32 32 31 21 21 45 45 22 22 33 33 44 51 51 25 25 30 12 12 38 38 28 28 29 28 49 51 50 38 38 23 23 22 22 27 35 8 38 38 36 36 37 37 16 16 21 21 0 0 0 0 25 25 29 27 27 27 39 39 18 18 16 24 22 22 23 23 35 42 45 45 22 28 18 18 18 18 20 20 19 35
43 43 27 27 27 27 26 2 2 3 3 25 24 24 12 12 38 38 34 37 32 32 30 21 21 45 45 21 22 33 33 43 50 50 25 25 30 11 11 38 38 28 28 28 28 49 50 50 38 38 23 23 21 21 27 35 7 38 37 36 36 37 37 16 16 21 21 0 0 0 0 25 25 29 27 27 27 39 39 17 17 15 24 22 22 22 23 34 41 44 44 22 28 18 18 18 18 20 20 18 35
43 43 27 27 27 27 26 2 2 3 3 24 24 24 12 12 38 38 34 37 32 32 30 21 21 45 45 21 21 33 33 43 50 50 25 25 30 11 11 38 38 28 28 28 28 49 50 50 38 38 22 23 21 21 27 35 7 37 37 36 36 37 37 16 15 21 21 0 0 0 0 25 25 29 27 27 27 39 39 17 17 15 24 22 22 22 23 34 41 44 44 22 27 18 18 18 18 20 20 18 35
20 20 19 19 19 19 22 23 23 22 22 13 7 7 15 15 12 12 12 12 8 8 12 12 12 20 21 25 25 20 20 27 31 31 27 27 23 21 21 22 22 2 2 6 6 33 34 34 22 22 8 8 22 22 5 21 31 12 12 11 11 11 11 10 10 19 19 26 25 25 25 0 0 5 3 7 7 13 13 26 26 27 20 6 6 2 2 21 17 27 28 17 8 18 18 19 19 18 18 18 14
20 20 19 19 19 19 22 23 23 22 22 13 7 7 15 15 12 12 12 12 8 8 12 12 12 20 21 25 25 20 20 27 31 31 27 27 23 21 21 22 22 2 2 6 6 33 34 34 22 22 8 8 22 22 5 21 31 12 12 11 11 11 11 10 10 19 19 26 25 25 25 0 0 5 3 6 7 13 13 26 26 27 20 6 6 2 2 21 17 27 27 17 8 18 18 18 19 18 18 18 14
15 15 16 16 16 16 19 27 27 25 25 11 5 5 17 17 11 11 6 8 10 10 7 11 11 16 16 24 24 15 15 21 26 26 25 25 20 22 22 17 17 5 5 2 2 28 29 29 18 17 7 7 21 21 1 16 33 10 10 11 11 10 10 13 13 18 18 29 29 29 29 5 5 0 1 3 3 12 12 26 26 27 18 7 7 7 7 16 12 22 22 16 4 17 17 18 18 18 17 17 8
17 17 16 16 16 16 19 25 25 23 23 11 5 5 15 15 12 12 8 10 10 10 8 10 10 18 18 24 24 16 16 23 28 28 25 25 20 21 21 18 18 4 4 3 3 29 30 30 19 19 6 6 21 21 1 17 32 11 11 11 11 11 11 11 11 18 18 27 27 27 27 3 3 1 0 3 3 13 13 25 25 26 18 5 5 5 5 17 14 24 24 15 4 16 17 17 17 17 17 16 10
16 16 13 12 13 13 16 25 25 23 23 8 2 2 15 15 14 15 7 11 13 13 5 8 8 17 17 21 21 13 13 20 26 25 22 22 16 19 19 15 15 8 8 1 1 27 28 28 16 16 4 4 18 18 1 14 31 14 14 14 14 14 14 11 11 15 15 27 27 27 27 7 6 3 3 0 0 15 15 23 22 24 15 4 4 7 7 14 14 21 21 12 1 14 14 15 15 14 14 14 8
16 16 13 12 12 13 16 25 25 23 23 7 2 2 15 15 15 15 7 11 13 13 5 8 8 17 17 21 21 13 13 20 26 26 22 22 16 19 19 15 15 8 8 1 1 27 28 28 16 16 4 4 18 18 1 14 31 14 14 14 14 14 14 11 11 15 15 27 27 27 27 7 7 3 3 0 0 15 15 22 22 24 15 4 4 7 7 14 14 21 21 12 1 14 14 15 15 14 14 14 8
13 13 27 27 27 27 31 37 37 35 35 23 17 17 28 28 1 1 12 6 9 8 17 23 23 12 13 36 36 24 24 26 28 28 37 37 30 34 34 24 24 10 10 13 13 32 33 33 24 24 19 19 33 33 14 25 45 1 1 3 3 2 2 24 24 30 30 39 39 39 39 13 13 12 13 15 15 0 0 38 38 39 30 18 18 16 16 25 9 27 27 27 15 29 30 30 30 30 29 29 14
13 13 27 27 27 27 31 37 37 35 35 23 17 17 28 28 0 0 12 6 8 8 17 23 23 13 13 36 36 24 24 26 28 28 37 37 30 34 34 24 24 10 10 13 13 32 33 33 25 24 19 19 33 33 13 25 44 1 1 3 3 2 2 24 24 30 30 39 39 39 39 13 13 12 13 15 15 0 0 38 38 39 30 18 18 16 16 25 9 27 27 27 15 29 30 30 30 30 29 29 14
36 36 14 14 14 14 12 18 17 16 16 16 20 20 13 13 37 37 29 33 34 34 22 14 14 38 38 4 5 21 21 31 39 39 8 8 15 7 7 26 26 29 29 24 24 35 37 36 26 26 18 18 6 6 24 23 15 37 37 36 36 37 36 16 16 8 8 17 18 17 17 26 26 26 25 23 22 38 38 0 0 2 10 19 19 24 24 22 36 32 32 11 22 8 8 7 7 8 8 8 28
36 36 14 14 14 14 12 18 18 16 16 15 20 20 13 13 37 37 28 33 34 34 22 14 14 38 38 4 4 21 21 31 39 39 7 7 15 6 6 26 26 28 28 24 24 35 36 36 26 26 18 18 6 6 24 22 15 36 36 36 36 36 36 16 16 8 8 17 18 17 17 26 26 26 25 22 22 38 38 0 0 2 10 19 19 23 24 22 36 32 32 11 22 8 8 7 7 8 8 8 27
38 38 16 16 16 16 14 16 16 15 15 17 21 21 13 13 39 39 30 35 35 35 24 16 16 40 40 7 7 23 23 33 41 41 10 10 17 6 6 28 28 30 30 26 25 38 39 39 28 28 20 20 8 8 25 25 12 38 38 38 38 38 38 17 17 10 10 16 16 15 15 27 27 27 26 24 24 39 39 2 2 0 12 21 20 24 25 24 38 34 34 13 24 9 9 9 9 10 10 10 29
26 26 3 3 4 3 2 23 23 22 21 7 13 13 14 14 30 30 19 25 28 28 13 8 8 28 28 7 6 10 10 21 28 28 6 6 5 12 12 16 15 22 22 16 16 25 26 26 15 15 12 12 4 4 17 12 24 29 29 29 29 29 29 14 14 3 3 24 24 24 24 20 20 18 18 15 15 30 30 10 10 12 0 14 14 19 19 12 27 21 21 3 14 6 6 5 5 4 4 5 18
21 21 13 13 13 13 16 20 20 18 18 7 2 2 10 10 18 18 12 15 14 14 9 5 5 22 22 19 19 15 15 24 30 30 20 20 17 15 15 19 19 9 9 6 6 30 31 31 19 19 2 2 16 16 5 17 26 17 17 17 17 17 17 6 6 13 13 22 22 22 22 6 6 7 5 4 4 18 18 19 19 21 14 0 0 5 5 17 19 25 25 10 5 11 11 12 12 12 12 11 13
21 21 13 13 13 13 15 20 20 18 18 7 2 2 10 10 18 18 12 15 14 14 9 5 5 22 22 19 19 15 15 24 30 30 20 20 17 15 15 19 19 9 9 6 6 30 31 31 19 19 1 1 16 16 5 17 26 17 17 17 17 17 17 6 6 13 13 22 22 22 22 6 6 7 5 4 4 18 18 19 19 20 14 0 0 5 5 17 19 25 25 10 5 11 11 12 12 12 12 11 13
22 22 18 18 18 18 21 20 20 19 19 13 7 7 12 12 15 15 14 15 10 10 13 11 11 23 23 24 24 20 20 28 33 33 25 25 22 18 18 23 23 5 5 8 8 34 36 35 23 23 7 7 21 21 6 21 28 15 15 14 14 14 14 7 8 18 18 23 23 22 22 2 2 7 5 7 7 16 16 24 23 24 19 5 5 0 0 21 19 29 29 16 9 16 16 17 17 17 17 16 16
22 22 18 18 18 18 21 20 20 19 19 13 7 7 12 12 15 15 14 15 10 10 13 11 11 23 23 24 24 20 20 28 33 33 26 26 23 18 18 23 23 5 5 8 8 34 36 35 23 23 7 7 21 21 6 22 28 14 14 13 13 14 14 8 8 18 18 23 23 23 23 2 2 7 5 7 7 16 16 24 24 25 19 5 5 0 0 21 19 29 29 16 9 16 16 17 17 17 17 16 16
16 17 8 8 8 8 10 34 33 32 32 10 14 14 23 23 25 25 13 18 27 27 8 14 14 19 18 18 18 1 1 9 16 16 17 17 7 23 23 3 3 22 22 14 14 14 15 15 3 3 15 15 16 16 15 0 36 24 24 26 26 25 25 21 21 14 14 35 35 34 34 21 21 16 17 14 14 25 25 22 22 24 12 17 17 21 21 0 19 9 9 12 12 16 17 17 17 15 15 16 10
4 4 23 23 23 23 27 40 40 38 38 20 17 17 30 30 9 9 7 4 16 16 13 22 22 3 4 34 34 19 19 18 18 18 33 33 25 34 34 16 17 15 15 13 13 23 24 24 17 17 19 19 31 31 14 18 46 9 9 11 12 11 10 25 25 28 28 42 42 41 41 17 17 12 14 14 14 9 9 36 36 38 27 19 19 19 19 19 0 18 18 25 14 28 28 29 29 28 27 28 9
14 14 18 18 18 18 19 43 43 41 41 19 22 22 33 33 27 27 16 20 32 31 15 23 23 16 16 27 27 11 11 0 6 6 26 25 16 33 33 6 6 27 27 21 21 5 6 6 6 6 23 23 25 26 22 9 46 27 27 29 29 28 28 30 30 24 24 45 45 44 44 27 27 22 24 21 21 27 27 32 32 34 21 25 25 29 29 9 18 0 0 22 20 26 26 26 27 25 25 26 14
14 14 18 18 18 18 19 43 43 41 41 19 22 22 33 33 27 27 16 20 32 31 15 23 23 16 16 28 27 11 11 0 6 6 26 26 16 33 33 6 6 27 27 21 21 5 6 6 6 6 23 23 26 26 22 9 46 27 27 29 29 28 28 30 30 24 24 45 45 44 44 28 27 22 24 21 21 27 27 32 32 34 21 25 25 29 29 9 18 0 0 22 20 26 26 27 27 25 25 26 14
25 25 4 4 4 4 5 21 21 19 19 4 10 10 11 11 27 27 17 23 25 25 11 5 5 27 27 8 8 11 11 21 29 29 9 9 8 10 10 16 16 19 19 14 13 27 28 28 16 16 9 9 5 5 14 13 23 26 26 27 27 26 26 11 11 2 2 22 22 22 22 17 17 16 15 12 12 27 27 11 11 13 3 10 10 16 16 12 25 22 22 0 12 4 4 4 4 2 2 3 16
15 15 12 11 12 12 15 26 26 24 24 7 3 3 15 15 15 15 6 11 15 14 4 8 8 17 17 20 20 11 11 19 24 24 21 21 15 19 19 14 14 9 9 2 2 25 26 26 14 14 5 4 17 17 3 12 31 14 14 15 15 15 14 12 12 14 14 28 28 28 27 8 8 4 4 1 1 15 15 22 22 24 14 5 5 9 9 12 14 20 20 12 0 14 14 15 15 14 14 14 7
29 29 8 8 8 8 8 17 17 15 15 8 12 12 8 8 29 29 20 25 26 26 15 6 6 30 30 7 7 15 15 26 33 33 10 10 11 6 6 20 20 20 20 16 16 31 32 32 20 20 10 10 5 5 15 17 19 28 28 28 28 28 28 9 9 3 3 18 18 18 18 18 18 17 16 14 14 29 29 8 8 9 6 11 11 16 16 16 28 26 26 4 14 0 0 0 0 2 1 0 20
29 29 8 8 8 8 8 17 17 15 15 8 12 12 8 8 29 29 21 25 26 26 15 6 6 30 30 7 7 15 15 26 33 33 10 10 11 6 6 20 20 20 20 16 16 31 32 32 20 20 10 10 5 5 16 17 19 28 28 28 28 28 28 9 10 3 3 18 18 18 18 18 18 17 17 14 14 30 30 8 8 9 6 11 11 16 16 17 28 26 26 4 14 0 0 0 0 2 2 0 20
29 29 8 8 8 8 8 17 17 16 16 8 12 12 9 9 30 30 21 26 27 27 15 7 7 31 31 7 7 15 15 26 33 33 9 9 11 6 6 20 20 21 21 17 16 31 32 32 20 20 11 11 4 4 16 17 19 29 29 29 29 29 29 10 10 2 2 18 18 18 18 19 18 18 17 15 15 30 30 7 7 9 5 12 12 17 17 17 29 26 27 4 15 0 0 0 0 1 1 0 20
29 29 8 8 8 8 8 17 17 16 16 8 12 12 9 9 30 30 21 26 27 27 15 7 7 31 31 7 7 15 15 26 33 33 9 9 11 6 6 20 20 21 21 17 16 31 32 32 20 20 11 11 4 4 16 17 19 29 29 29 29 29 29 10 10 2 2 18 18 18 18 19 19 18 17 15 15 30 30 7 7 9 5 12 12 17 17 17 29 27 27 4 15 0 0 0 0 1 1 0 20
28 28 7 6 7 7 6 19 19 17 17 7 12 12 10 10 29 29 20 25 27 27 14 6 6 30 30 6 6 13 13 24 31 31 8 8 9 8 8 19 19 21 21 16 16 29 30 30 18 18 10 10 3 3 16 15 20 28 28 29 29 28 28 11 11 1 1 20 20 20 20 18 18 18 17 14 14 30 30 8 8 10 4 12 12 17 17 15 28 25 25 2 14 2 2 1 1 0 0 1 19
28 28 7 6 7 7 6 19 19 17 17 7 12 12 10 10 29 29 20 25 26 26 14 6 6 29 29 7 7 13 13 24 31 31 8 8 9 8 8 18 18 21 21 16 15 29 30 30 18 18 10 10 4 4 15 15 20 28 28 28 28 28 28 11 11 1 1 20 20 20 20 18 18 17 17 14 14 29 29 8 8 10 4 12 12 17 17 15 27 25 25 2 14 1 2 1 1 0 0 1 19
28 28 8 8 8 8 8 18 18 16 16 7 11 11 8 8 29 29 20 25 26 26 14 6 6 30 30 7 7 14 15 25 32 32 10 10 11 7 7 20 20 20 20 16 15 30 32 31 20 20 10 10 5 5 15 16 19 28 28 28 28 28 28 9 10 2 2 19 19 18 18 18 18 17 16 14 14 29 29 8 8 10 5 11 11 16 16 16 28 26 26 3 14 0 0 0 0 1 1 0 19
8 8 14 14 14 14 17 33 33 31 31 11 10 10 23 23 14 15 3 8 18 18 5 14 14 10 10 25 25 10 10 13 17 17 24 24 16 26 26 9 9 13 13 7 7 19 20 20 10 10 12 12 22 22 9 10 38 14 14 15 15 15 15 19 19 19 19 35 35 35 35 14 14 8 10 8 8 14 14 28 27 29 18 13 13 16 16 10 9 14 14 16 7 20 20 20 20 19 19 19 0
